0	0.0	Baseline	311
0	0.0	ZGreedy	312
0	0.0	Heuristic	313
1	7.55326042175293	Baseline	311
1	4.16608250935872	ZGreedy	312
1	4.21402575174967	Heuristic	313
2	7.55350596110026	Baseline	311
2	4.25753008524577	ZGreedy	312
2	4.2210454305013	Heuristic	313
3	7.55351867675781	Baseline	311
3	4.70306364695231	ZGreedy	312
3	5.39999230702718	Heuristic	313
4	7.55572605133057	Baseline	311
4	4.70308691660563	ZGreedy	312
4	6.80027949015299	Heuristic	313
5	7.56373208363851	Baseline	311
5	4.70309499104818	ZGreedy	312
5	8.9781956354777	Heuristic	313
6	7.56388645172119	Baseline	311
6	4.70309759775798	ZGreedy	312
6	8.97820479075114	Heuristic	313
7	7.56389560699463	Baseline	311
7	4.70310586293538	ZGreedy	312
7	8.97821509043376	Heuristic	313
8	7.5639030456543	Baseline	311
8	4.70311393737793	ZGreedy	312
8	8.97901643117269	Heuristic	313
9	7.56390310923258	Baseline	311
9	4.70311800638835	ZGreedy	312
9	8.98305587768555	Heuristic	313
10	7.56390902201335	Baseline	311
10	4.70312054951986	ZGreedy	312
10	8.98386720021566	Heuristic	313
11	7.56392351786296	Baseline	311
11	4.7031223932902	ZGreedy	312
11	8.98404000600179	Heuristic	313
12	7.56392841339111	Baseline	311
12	4.70313218434652	ZGreedy	312
12	8.98405195871989	Heuristic	313
13	7.56393413543701	Baseline	311
13	4.70313758850098	ZGreedy	312
13	8.98405526479085	Heuristic	313
14	7.56393725077311	Baseline	311
14	4.70314191182454	ZGreedy	312
14	9.00308659871419	Heuristic	313
15	7.56394068400065	Baseline	311
15	4.7031452814738	ZGreedy	312
15	9.1260061899821	Heuristic	313
16	7.56394856770833	Baseline	311
16	4.7029899597168	ZGreedy	312
16	9.19595050811768	Heuristic	313
17	7.56395683288574	Baseline	311
17	4.70289204915365	ZGreedy	312
17	9.19668261210124	Heuristic	313
18	7.56396179199219	Baseline	311
18	4.70289815266927	ZGreedy	312
18	9.19647000630697	Heuristic	313
19	7.56396643320719	Baseline	311
19	4.70290387471517	ZGreedy	312
19	9.19645805358887	Heuristic	313
20	7.56397291819255	Baseline	311
20	4.70290756225586	ZGreedy	312
20	9.19669621785482	Heuristic	313
21	7.56397908528646	Baseline	311
21	4.70290985107422	ZGreedy	312
21	9.19670028686523	Heuristic	313
22	7.56398156483968	Baseline	311
22	4.70291531880697	ZGreedy	312
22	9.20454654693603	Heuristic	313
23	7.56398785909017	Baseline	311
23	4.70291976928711	ZGreedy	312
23	9.33624318440755	Heuristic	313
24	7.5639928817749	Baseline	311
24	4.70303548177083	ZGreedy	312
24	9.42183685302734	Heuristic	313
25	7.56399987538656	Baseline	311
25	4.70310707092285	ZGreedy	312
25	9.41847972869873	Heuristic	313
26	7.56400254567464	Baseline	311
26	4.7031130472819	ZGreedy	312
26	9.41848608652751	Heuristic	313
27	7.56400922139486	Baseline	311
27	4.7031197865804	ZGreedy	312
27	9.41848843892415	Heuristic	313
28	7.56401697794596	Baseline	311
28	4.70312347412109	ZGreedy	312
28	9.41849397023519	Heuristic	313
29	7.56401755015055	Baseline	311
29	4.70312868754069	ZGreedy	312
29	9.41849848429362	Heuristic	313
30	7.56402295430501	Baseline	311
30	4.70313313802083	ZGreedy	312
30	9.41850490570068	Heuristic	313
31	7.56402600606283	Baseline	311
31	4.70313784281413	ZGreedy	312
31	9.4185089747111	Heuristic	313
32	7.56403350830078	Baseline	311
32	4.70314242045085	ZGreedy	312
32	9.41851603190104	Heuristic	313
33	7.56404234568278	Baseline	311
33	4.70314801534017	ZGreedy	312
33	9.41851965586344	Heuristic	313
34	7.56404603322347	Baseline	311
34	5.21332588195801	ZGreedy	312
34	9.41852486928304	Heuristic	313
35	7.56405499776204	Baseline	311
35	7.65602378845215	ZGreedy	312
35	9.41853052775065	Heuristic	313
36	7.56405906677246	Baseline	311
36	7.65602671305339	ZGreedy	312
36	9.41853644053141	Heuristic	313
37	7.56406294504801	Baseline	311
37	7.65603052775065	ZGreedy	312
37	9.41853949228923	Heuristic	313
38	7.56407006581624	Baseline	311
38	7.65603955586751	ZGreedy	312
38	9.41854769388835	Heuristic	313
39	7.56407343546549	Baseline	311
39	7.65604133605957	ZGreedy	312
39	9.41855513254801	Heuristic	313
40	7.5640817006429	Baseline	311
40	7.65604654947917	ZGreedy	312
40	9.41856015523275	Heuristic	313
41	7.56408933003743	Baseline	311
41	7.65605456034342	ZGreedy	312
41	9.41856587727865	Heuristic	313
42	7.5640926361084	Baseline	311
42	7.65605894724528	ZGreedy	312
42	9.41857013702393	Heuristic	313
43	7.5640941619873	Baseline	311
43	7.65606530507406	ZGreedy	312
43	9.41857554117839	Heuristic	313
44	7.56410293579102	Baseline	311
44	7.65607147216797	ZGreedy	312
44	9.41857738494873	Heuristic	313
45	7.56410916646322	Baseline	311
45	7.65607515970866	ZGreedy	312
45	9.41858266194661	Heuristic	313
46	7.56411603291829	Baseline	311
46	7.65607948303223	ZGreedy	312
46	9.41858660380046	Heuristic	313
47	7.56411774953206	Baseline	311
47	7.65608139038086	ZGreedy	312
47	9.41859175364177	Heuristic	313
48	7.56412506103516	Baseline	311
48	7.65608800252279	ZGreedy	312
48	9.41859709421794	Heuristic	313
49	7.56412932078044	Baseline	311
49	7.65609124501546	ZGreedy	312
49	9.41860567728678	Heuristic	313
50	7.56413510640462	Baseline	311
50	7.65609505971273	ZGreedy	312
50	9.41860917409261	Heuristic	313
51	7.5641414642334	Baseline	311
51	7.65610644022624	ZGreedy	312
51	9.41861298878988	Heuristic	313
52	7.56414591471354	Baseline	311
52	7.65611127217611	ZGreedy	312
52	9.418616994222	Heuristic	313
53	7.56415068308512	Baseline	311
53	7.65611534118652	ZGreedy	312
53	9.41862551371256	Heuristic	313
54	7.56415475209554	Baseline	311
54	7.65612157185872	ZGreedy	312
54	9.41862754821777	Heuristic	313
55	7.56415901184082	Baseline	311
55	7.65612716674805	ZGreedy	312
55	9.41863384246826	Heuristic	313
56	7.56417789459229	Baseline	311
56	7.65613072713216	ZGreedy	312
56	9.29547125498454	Heuristic	313
57	7.56419041951497	Baseline	311
57	7.65613587697347	ZGreedy	312
57	9.35328203837077	Heuristic	313
58	7.56419315338135	Baseline	311
58	7.65614013671875	ZGreedy	312
58	9.35328400929769	Heuristic	313
59	7.56420186360677	Baseline	311
59	7.65614598592122	ZGreedy	312
59	9.35328826904297	Heuristic	313
60	7.56420694986979	Baseline	311
60	7.65614992777506	ZGreedy	312
60	9.35329507191976	Heuristic	313
61	7.56421146392822	Baseline	311
61	7.65615653991699	ZGreedy	312
61	9.35330098470052	Heuristic	313
62	7.56421527862549	Baseline	311
62	7.65616652170817	ZGreedy	312
62	9.35330727895101	Heuristic	313
63	7.56422322591146	Baseline	311
63	7.65617294311523	ZGreedy	312
63	9.35331255594889	Heuristic	313
64	7.56422678629557	Baseline	311
64	7.65617815653483	ZGreedy	312
64	9.35331694285075	Heuristic	313
65	7.56423072814941	Baseline	311
65	7.65618209838867	ZGreedy	312
65	9.35332298278809	Heuristic	313
66	7.56423492431641	Baseline	311
66	7.65618947347005	ZGreedy	312
66	9.35332686106364	Heuristic	313
67	7.56424598693848	Baseline	311
67	7.65619316101074	ZGreedy	312
67	9.35333162943522	Heuristic	313
68	7.56424872080485	Baseline	311
68	7.65619735717773	ZGreedy	312
68	9.35333773295085	Heuristic	313
69	7.56425374348958	Baseline	311
69	7.65620282491048	ZGreedy	312
69	9.35334218343099	Heuristic	313
70	7.56425889333089	Baseline	311
70	7.65621007283529	ZGreedy	312
70	9.35334790547689	Heuristic	313
71	7.56426035563151	Baseline	311
71	7.65621452331543	ZGreedy	312
71	9.35335210164388	Heuristic	313
72	7.56426779429118	Baseline	311
72	7.65621827443441	ZGreedy	312
72	9.35335814158122	Heuristic	313
73	7.56427466074626	Baseline	311
73	7.65622380574544	ZGreedy	312
73	9.35336399078369	Heuristic	313
74	7.56428387959798	Baseline	311
74	7.6562370300293	ZGreedy	312
74	9.35336831410726	Heuristic	313
75	7.56428546905518	Baseline	311
75	7.65623893737793	ZGreedy	312
75	9.35337575276693	Heuristic	313
76	7.56429195404053	Baseline	311
76	7.65624885559082	ZGreedy	312
76	9.35338122049967	Heuristic	313
77	7.56429278055827	Baseline	311
77	7.65625483194987	ZGreedy	312
77	9.35338528951009	Heuristic	313
78	7.56430066426595	Baseline	311
78	7.65625801086426	ZGreedy	312
78	9.35339152018229	Heuristic	313
79	7.56430549621582	Baseline	311
79	7.65626360575358	ZGreedy	312
79	9.35339577992757	Heuristic	313
80	7.5643092473348	Baseline	311
80	7.6562686920166	ZGreedy	312
80	9.35340150197347	Heuristic	313
81	7.56431776682536	Baseline	311
81	7.65627403259277	ZGreedy	312
81	9.35340766906738	Heuristic	313
82	7.56432444254557	Baseline	311
82	7.65627873738607	ZGreedy	312
82	9.35341218312581	Heuristic	313
83	7.56433130900065	Baseline	311
83	7.65628318786621	ZGreedy	312
83	9.35341752370199	Heuristic	313
84	7.56433455149333	Baseline	311
84	7.65628693898519	ZGreedy	312
84	9.3534221013387	Heuristic	313
85	7.56434122721354	Baseline	311
85	7.65629183451335	ZGreedy	312
85	9.35342706044515	Heuristic	313
86	7.56434453328451	Baseline	311
86	7.65629857381185	ZGreedy	312
86	9.35343290964762	Heuristic	313
87	7.56435006459554	Baseline	311
87	7.65630276997884	ZGreedy	312
87	9.35343755086263	Heuristic	313
88	7.56435470581055	Baseline	311
88	7.6563117980957	ZGreedy	312
88	9.35344308217367	Heuristic	313
89	7.56436080932617	Baseline	311
89	7.65631586710612	ZGreedy	312
89	9.35344823201497	Heuristic	313
90	7.56436513264974	Baseline	311
90	7.65632050832113	ZGreedy	312
90	9.35345414479574	Heuristic	313
91	7.56437072753906	Baseline	311
91	7.65632489522298	ZGreedy	312
91	9.35346082051595	Heuristic	313
92	7.5643767674764	Baseline	311
92	7.65632921854655	ZGreedy	312
92	9.35346425374349	Heuristic	313
93	7.56437924702962	Baseline	311
93	7.65633500417074	ZGreedy	312
93	9.35347213745117	Heuristic	313
94	7.56438446044922	Baseline	311
94	7.65634028116862	ZGreedy	312
94	9.35347843170166	Heuristic	313
95	7.56438999176025	Baseline	311
95	7.6563497543335	ZGreedy	312
95	9.3534839630127	Heuristic	313
96	7.56439577738444	Baseline	311
96	7.65635401407878	ZGreedy	312
96	9.35348943074544	Heuristic	313
97	7.56440111796061	Baseline	311
97	7.65635668436686	ZGreedy	312
97	9.3534943262736	Heuristic	313
98	7.5644063949585	Baseline	311
98	7.65636202494303	ZGreedy	312
98	9.35349998474121	Heuristic	313
99	7.56441440582275	Baseline	311
99	7.65636952718099	ZGreedy	312
99	9.35350532531738	Heuristic	313
100	7.56441860198975	Baseline	311
100	7.65637232462565	ZGreedy	312
100	9.35350977579753	Heuristic	313
101	7.56442737579346	Baseline	311
101	7.65637696584066	ZGreedy	312
101	9.35351505279541	Heuristic	313
102	7.56442763010661	Baseline	311
102	7.65638580322266	ZGreedy	312
102	9.35352026621501	Heuristic	313
103	7.56443589528402	Baseline	311
103	7.65639050801595	ZGreedy	312
103	9.35352668762207	Heuristic	313
104	7.56443843841553	Baseline	311
104	7.65639724731445	ZGreedy	312
104	9.3535317103068	Heuristic	313
105	7.56444371541341	Baseline	311
105	7.6564022064209	ZGreedy	312
105	9.35353660583496	Heuristic	313
106	7.56444937388102	Baseline	311
106	7.65640665690104	ZGreedy	312
106	9.35354283650716	Heuristic	313
107	7.56445840199788	Baseline	311
107	7.65640799204508	ZGreedy	312
107	9.35354715983073	Heuristic	313
108	7.56446412404378	Baseline	311
108	7.65641352335612	ZGreedy	312
108	9.35355224609375	Heuristic	313
109	7.56446832021077	Baseline	311
109	7.65641975402832	ZGreedy	312
109	9.35355739593506	Heuristic	313
110	7.56447334289551	Baseline	311
110	7.65642369588216	ZGreedy	312
110	9.35356254577637	Heuristic	313
111	7.56447518666585	Baseline	311
111	7.65643164316813	ZGreedy	312
111	9.3535680770874	Heuristic	313
112	7.56448268890381	Baseline	311
112	7.65643603006999	ZGreedy	312
112	9.35357297261556	Heuristic	313
113	7.5644847869873	Baseline	311
113	7.65644060770671	ZGreedy	312
113	9.35357882181803	Heuristic	313
114	7.56449241638184	Baseline	311
114	7.65644989013672	ZGreedy	312
114	9.35358422597249	Heuristic	313
115	7.56449534098307	Baseline	311
115	7.65645593007406	ZGreedy	312
115	9.35358956654867	Heuristic	313
116	7.56450500488281	Baseline	311
116	7.65646184285482	ZGreedy	312
116	9.35359503428141	Heuristic	313
117	7.56451072692871	Baseline	311
117	7.65646692911784	ZGreedy	312
117	9.35359948476156	Heuristic	313
118	7.56451638539632	Baseline	311
118	7.65647176106771	ZGreedy	312
118	9.35360514322917	Heuristic	313
119	7.56459325154622	Baseline	311
119	7.65647328694661	ZGreedy	312
119	9.35361105600993	Heuristic	313
120	7.56458276112874	Baseline	311
120	7.65647888183594	ZGreedy	312
120	9.35361550649007	Heuristic	313
121	7.56458746592204	Baseline	311
121	7.65648543039958	ZGreedy	312
121	9.35362192789714	Heuristic	313
122	7.56459280649821	Baseline	311
122	7.65648994445801	ZGreedy	312
122	9.35362567901611	Heuristic	313
123	7.56459662119548	Baseline	311
123	7.65649299621582	ZGreedy	312
123	9.35363184611003	Heuristic	313
124	7.56460107167562	Baseline	311
124	7.65649846394857	ZGreedy	312
124	9.35363686879476	Heuristic	313
125	7.56460812886556	Baseline	311
125	7.65650520324707	ZGreedy	312
125	9.35364246368408	Heuristic	313
126	7.56461353302002	Baseline	311
126	7.65651302337646	ZGreedy	312
126	9.35364812215169	Heuristic	313
127	7.5646183013916	Baseline	311
127	7.65651709238688	ZGreedy	312
127	9.35365301767985	Heuristic	313
128	7.56462688446045	Baseline	311
128	7.65652236938477	ZGreedy	312
128	9.35365823109945	Heuristic	313
129	7.5646338780721	Baseline	311
129	7.65652745564779	ZGreedy	312
129	9.35366357167562	Heuristic	313
130	7.56463673909505	Baseline	311
130	7.65653190612793	ZGreedy	312
130	9.35366903940837	Heuristic	313
131	7.56464316050212	Baseline	311
131	7.65653877258301	ZGreedy	312
131	9.35367533365885	Heuristic	313
132	7.56464799245199	Baseline	311
132	7.65654201507568	ZGreedy	312
132	9.35367946624756	Heuristic	313
133	7.56465276082357	Baseline	311
133	7.65654602050781	ZGreedy	312
133	9.35368461608887	Heuristic	313
134	7.56465886433919	Baseline	311
134	7.6565549214681	ZGreedy	312
134	9.35369434356689	Heuristic	313
135	7.56466312408447	Baseline	311
135	7.65656293233236	ZGreedy	312
135	9.35370248158773	Heuristic	313
136	7.56467164357503	Baseline	311
136	7.65656420389811	ZGreedy	312
136	9.35370896657308	Heuristic	313
137	7.56467641194661	Baseline	311
137	7.65656973520915	ZGreedy	312
137	9.3537140528361	Heuristic	313
138	7.56468245188395	Baseline	311
138	7.65657539367676	ZGreedy	312
138	9.35371996561686	Heuristic	313
139	7.56468728383382	Baseline	311
139	7.65658200581869	ZGreedy	312
139	9.35372517903646	Heuristic	313
140	7.56469243367513	Baseline	311
140	7.65658734639486	ZGreedy	312
140	9.35372950236003	Heuristic	313
141	7.56469593048096	Baseline	311
141	7.65658963521322	ZGreedy	312
141	9.3537353515625	Heuristic	313
142	7.91450449625651	Baseline	311
142	7.65659052530924	ZGreedy	312
142	9.35373986562093	Heuristic	313
143	7.98283354441325	Baseline	311
143	7.656600634257	ZGreedy	312
143	9.35374565124512	Heuristic	313
144	11.2468124389648	Baseline	311
144	7.65660781860352	ZGreedy	312
144	9.35375219980876	Heuristic	313
145	13.4742900212606	Baseline	311
145	7.65661226908366	ZGreedy	312
145	9.3537561416626	Heuristic	313
146	13.4747352600098	Baseline	311
146	7.65661760965983	ZGreedy	312
146	9.35376218159993	Heuristic	313
147	14.4880897521973	Baseline	311
147	7.65662104288737	ZGreedy	312
147	9.35376796722412	Heuristic	313
148	14.9077587763468	Baseline	311
148	7.65662612915039	ZGreedy	312
148	9.3537722269694	Heuristic	313
149	14.9081415176392	Baseline	311
149	7.65663019816081	ZGreedy	312
149	9.35377782185872	Heuristic	313
150	14.9082121531169	Baseline	311
150	7.65663477579753	ZGreedy	312
150	9.35378348032634	Heuristic	313
151	14.9082171122233	Baseline	311
151	7.65664024353027	ZGreedy	312
151	9.35378850301107	Heuristic	313
152	14.9572629928589	Baseline	311
152	7.65664482116699	ZGreedy	312
152	9.35379263559977	Heuristic	313
153	15.0096913655599	Baseline	311
153	7.65665175120036	ZGreedy	312
153	9.35379886627197	Heuristic	313
154	15.0096963246663	Baseline	311
154	7.65665950775147	ZGreedy	312
154	9.35380490620931	Heuristic	313
155	15.0097003300985	Baseline	311
155	7.65666281382243	ZGreedy	312
155	9.35380992889404	Heuristic	313
156	15.0097043991089	Baseline	311
156	7.65666834513346	ZGreedy	312
156	9.3538148244222	Heuristic	313
157	15.0097134272257	Baseline	311
157	7.65667260487874	ZGreedy	312
157	9.3538205464681	Heuristic	313
158	15.0097187678019	Baseline	311
158	7.6566780090332	ZGreedy	312
158	9.35382569630941	Heuristic	313
159	15.0097239176432	Baseline	311
159	7.65668239593506	ZGreedy	312
159	9.35383122762044	Heuristic	313
160	15.0097294489543	Baseline	311
160	7.65668646494548	ZGreedy	312
160	9.35383625030518	Heuristic	313
161	15.0097345352173	Baseline	311
161	7.6566961924235	ZGreedy	312
161	9.35384114583333	Heuristic	313
162	15.0097407658895	Baseline	311
162	7.65669918060303	ZGreedy	312
162	9.35384769439697	Heuristic	313
163	15.009743754069	Baseline	311
163	7.65670541127523	ZGreedy	312
163	9.35385290781657	Heuristic	313
164	15.0097458521525	Baseline	311
164	7.65671195983887	ZGreedy	312
164	9.35385818481445	Heuristic	313
165	15.0097538630168	Baseline	311
165	7.65671405792236	ZGreedy	312
165	9.35386409759522	Heuristic	313
166	15.0097603480021	Baseline	311
166	7.65671755472819	ZGreedy	312
166	9.35386899312337	Heuristic	313
167	15.0097649256388	Baseline	311
167	7.65672257741292	ZGreedy	312
167	9.35387439727783	Heuristic	313
168	15.0097709019979	Baseline	311
168	7.65672728220622	ZGreedy	312
168	9.35387897491455	Heuristic	313
169	15.0097756703695	Baseline	311
169	7.65673656463623	ZGreedy	312
169	9.35388526916504	Heuristic	313
170	15.0097794850667	Baseline	311
170	7.65674120585124	ZGreedy	312
170	9.35389080047607	Heuristic	313
171	15.009783744812	Baseline	311
171	7.65674889882406	ZGreedy	312
171	9.35389569600423	Heuristic	313
172	15.0097881952922	Baseline	311
172	7.65675411224365	ZGreedy	312
172	9.35390110015869	Heuristic	313
173	15.0097944259644	Baseline	311
173	7.65675754547119	ZGreedy	312
173	9.35390605926514	Heuristic	313
174	15.0097984949748	Baseline	311
174	7.65675964355469	ZGreedy	312
174	9.35391209920247	Heuristic	313
175	15.0098038355509	Baseline	311
175	7.65676638285319	ZGreedy	312
175	9.35391750335693	Heuristic	313
176	15.0098121643066	Baseline	311
176	7.65677216847738	ZGreedy	312
176	9.3539218266805	Heuristic	313
177	15.0098169326782	Baseline	311
177	7.65677642822266	ZGreedy	312
177	9.35392697652181	Heuristic	313
178	15.009822400411	Baseline	311
178	7.6567839940389	ZGreedy	312
178	9.35393218994141	Heuristic	313
179	15.0098276138306	Baseline	311
179	7.65678641001383	ZGreedy	312
179	9.35393880208333	Heuristic	313
180	15.009832572937	Baseline	311
180	7.65679810841878	ZGreedy	312
180	9.35394369761149	Heuristic	313
181	15.0098365147909	Baseline	311
181	7.65680383046468	ZGreedy	312
181	9.35394878387451	Heuristic	313
182	15.0098419189453	Baseline	311
182	7.65680802663167	ZGreedy	312
182	9.3539540608724	Heuristic	313
183	15.0098488489787	Baseline	311
183	7.6568146387736	ZGreedy	312
183	9.35395908355713	Heuristic	313
184	15.0098532994588	Baseline	311
184	7.65681947072347	ZGreedy	312
184	9.35396410624186	Heuristic	313
185	15.0098590215047	Baseline	311
185	7.65682423909505	ZGreedy	312
185	9.3539701461792	Heuristic	313
186	15.0098638534546	Baseline	311
186	7.65683002471924	ZGreedy	312
186	9.35397485097249	Heuristic	313
187	15.0098694483439	Baseline	311
187	7.65683574676514	ZGreedy	312
187	9.35398127237956	Heuristic	313
188	15.0098719914754	Baseline	311
188	7.65684153238932	ZGreedy	312
188	9.35398629506429	Heuristic	313
189	15.0098765055339	Baseline	311
189	7.65684693654378	ZGreedy	312
189	9.3539914449056	Heuristic	313
190	15.0098834991455	Baseline	311
190	7.65685132344564	ZGreedy	312
190	9.35399697621663	Heuristic	313
191	15.009886932373	Baseline	311
191	7.65685532887777	ZGreedy	312
191	9.35400218963623	Heuristic	313
192	15.0098930358887	Baseline	311
192	7.65686181386312	ZGreedy	312
192	9.35400575002035	Heuristic	313
193	15.0098998387655	Baseline	311
193	7.65686314900716	ZGreedy	312
193	9.35401210784912	Heuristic	313
194	15.0102558771769	Baseline	311
194	7.6568707148234	ZGreedy	312
194	9.35401579538981	Heuristic	313
195	15.0107946395874	Baseline	311
195	7.65687567392985	ZGreedy	312
195	9.35402170817057	Heuristic	313
196	15.0108247756958	Baseline	311
196	7.65688101450602	ZGreedy	312
196	9.35402851104736	Heuristic	313
197	15.0110711415609	Baseline	311
197	7.65688381195068	ZGreedy	312
197	9.35403391520182	Heuristic	313
198	15.0110811869303	Baseline	311
198	7.65688858032227	ZGreedy	312
198	9.35407543182373	Heuristic	313
199	15.0110857009888	Baseline	311
199	7.65689182281494	ZGreedy	312
199	9.35411637624105	Heuristic	313
200	15.0110905965169	Baseline	311
200	7.65689754486084	ZGreedy	312
200	9.35412292480469	Heuristic	313
201	15.0114683787028	Baseline	311
201	7.65690078735352	ZGreedy	312
201	9.35412578582764	Heuristic	313
202	15.0127295811971	Baseline	311
202	7.65690835316976	ZGreedy	312
202	9.3541290918986	Heuristic	313
203	15.0126452128092	Baseline	311
203	7.65691254933675	ZGreedy	312
203	9.35413290659587	Heuristic	313
204	15.0242527008057	Baseline	311
204	7.65692151387533	ZGreedy	312
204	9.35413958231608	Heuristic	313
205	15.0253163655599	Baseline	311
205	7.65692691802978	ZGreedy	312
205	9.3541446685791	Heuristic	313
206	15.0253217061361	Baseline	311
206	7.65693295796712	ZGreedy	312
206	9.35415000915527	Heuristic	313
207	15.0252543767293	Baseline	311
207	7.65693791707357	ZGreedy	312
207	9.3541576385498	Heuristic	313
208	15.025234858195	Baseline	311
208	7.65694370269775	ZGreedy	312
208	9.35416272481283	Heuristic	313
209	15.0252405166626	Baseline	311
209	7.65694923400879	ZGreedy	312
209	9.35416634877523	Heuristic	313
210	15.0252449671427	Baseline	311
210	7.65695400238037	ZGreedy	312
210	9.3541711807251	Heuristic	313
211	15.0252504984538	Baseline	311
211	7.65695838928223	ZGreedy	312
211	9.35417849222819	Heuristic	313
212	15.0252547581991	Baseline	311
212	7.65696283976237	ZGreedy	312
212	9.35418078104655	Heuristic	313
213	15.0252593994141	Baseline	311
213	7.66003011067708	ZGreedy	312
213	9.35418796539307	Heuristic	313
214	15.0252611160278	Baseline	311
214	7.93202368418376	ZGreedy	312
214	9.35419063568115	Heuristic	313
215	15.0252668380737	Baseline	311
215	12.2328784306844	ZGreedy	312
215	9.35419495900472	Heuristic	313
216	15.0252712249756	Baseline	311
216	13.2171833674113	ZGreedy	312
216	9.35420354207357	Heuristic	313
217	15.0252775192261	Baseline	311
217	13.2172108332316	ZGreedy	312
217	9.35420678456624	Heuristic	313
218	15.0252850850423	Baseline	311
218	13.2172625223796	ZGreedy	312
218	9.35421574910482	Heuristic	313
219	15.02529296875	Baseline	311
219	13.2172671635946	ZGreedy	312
219	9.35422064463298	Heuristic	313
220	15.0252968470256	Baseline	311
220	13.2172719955444	ZGreedy	312
220	9.35422547658285	Heuristic	313
221	15.025301806132	Baseline	311
221	13.2172974268595	ZGreedy	312
221	9.35423075358073	Heuristic	313
222	15.025307782491	Baseline	311
222	13.2173044840495	ZGreedy	312
222	9.35423475901286	Heuristic	313
223	15.0253128687541	Baseline	311
223	13.2173351287842	ZGreedy	312
223	9.35423882802328	Heuristic	313
224	15.0253184000651	Baseline	311
224	9.64943440755208	ZGreedy	312
224	9.35424531300863	Heuristic	313
225	15.025323677063	Baseline	311
225	7.82903200785319	ZGreedy	312
225	9.3542501449585	Heuristic	313
226	15.0253275553385	Baseline	311
226	9.15379219055176	ZGreedy	312
226	9.35425701141357	Heuristic	313
227	15.0253326416016	Baseline	311
227	9.15232028961182	ZGreedy	312
227	9.35426330566406	Heuristic	313
228	15.0253383000692	Baseline	311
228	9.15234209696452	ZGreedy	312
228	9.35426870981852	Heuristic	313
229	15.025343132019	Baseline	311
229	9.41844800313314	ZGreedy	312
229	9.35427405039469	Heuristic	313
230	15.0253491083781	Baseline	311
230	9.37700328826904	ZGreedy	312
230	9.3542781829834	Heuristic	313
231	15.025355275472	Baseline	311
231	9.12939573923747	ZGreedy	312
231	9.3542807896932	Heuristic	313
232	15.0253606160482	Baseline	311
232	8.99044132232666	ZGreedy	312
232	9.35428504943848	Heuristic	313
233	15.0253662745158	Baseline	311
233	8.99044672648112	ZGreedy	312
233	9.35429134368897	Heuristic	313
234	15.0253705342611	Baseline	311
234	8.99045480092366	ZGreedy	312
234	9.35429592132568	Heuristic	313
235	15.0253761927287	Baseline	311
235	8.99045925140381	ZGreedy	312
235	9.35430323282878	Heuristic	313
236	15.0253794987996	Baseline	311
236	8.9904634475708	ZGreedy	312
236	9.29678103129069	Heuristic	313
237	15.0253846486409	Baseline	311
237	8.99046878814697	ZGreedy	312
237	8.07804571787516	Heuristic	313
238	14.7492354710897	Baseline	311
238	8.99047266642253	ZGreedy	312
238	5.78044611612956	Heuristic	313
239	8.38506704966227	Baseline	311
239	8.99048029581706	ZGreedy	312
239	5.78045202891032	Heuristic	313
240	6.98669230143229	Baseline	311
240	7.84485210071911	ZGreedy	312
240	5.78045667012533	Heuristic	313
241	4.18214874267578	Baseline	311
241	5.31955552101135	Heuristic	313
242	2.19991588592529	Baseline	311
241	0.0	ZGreedy	312
242	0.0	Heuristic	313
243	0.0	Baseline	311
